# oST version 5.0 parameters


[image]

width
640

height
480

[narrow_stereo]

camera matrix
787.694432 0.000000 293.088165
0.000000 779.573483 218.281920
0.000000 0.000000 1.000000

distortion
0.204448 -0.911306 0.006863 -0.010363 0.000000

rectification
1.000000 0.000000 0.000000
0.000000 1.000000 0.000000
0.000000 0.000000 1.000000

projection
791.073181 0.000000 287.533199 0.000000
0.000000 790.125732 219.380999 0.000000
0.000000 0.000000 1.000000 0.000000
