image_width: 640
image_height: 480
camera_name: a4tech_fhd_1080p_pc_camera:_a4t
camera_matrix:
  rows: 3
  cols: 3
  data: [ 3912.49442,     0.     ,   264.84591,
             0.     , 22586.76549,   301.03108,
             0.     ,     0.     ,     1.     ]
distortion_model: plumb_bob
distortion_coefficients:
  rows: 1
  cols: 5
  data: [-291.596354, 87989.224643, -0.697855, 2.774027, 0.000000]
rectification_matrix:
  rows: 3
  cols: 3
  data: [1., 0., 0.,
         0., 1., 0.,
         0., 0., 1.]
projection_matrix:
  rows: 3
  cols: 4
  data: [10515.27965,     0.     ,   512.6141 ,     0.     ,
             0.     , 92330.75742,   174.01296,     0.     ,
             0.     ,     0.     ,     1.     ,     0.     ]
