# oST version 5.0 parameters


[image]

width
640

height
480

[narrow_stereo]

camera matrix
3912.494422 0.000000 264.845908
0.000000 22586.765494 301.031081
0.000000 0.000000 1.000000

distortion
-291.596354 87989.224643 -0.697855 2.774027 0.000000

rectification
1.000000 0.000000 0.000000
0.000000 1.000000 0.000000
0.000000 0.000000 1.000000

projection
10515.279648 0.000000 512.614096 0.000000
0.000000 92330.757422 174.012961 0.000000
0.000000 0.000000 1.000000 0.000000
